-2289126573702849666
4036453744799849569
-5860481431145383593
7940352130605035729
1855824008598095909
-3711587356299627859
-4352961114299536998
-942451723592445938
-6799900297379004884
8660638255969451846
-3529570471730199986
-2808934793697066700
-2646282123586581792
-2848654749933488935
-283228534527552281
6711227729895362603
-2348773829698691968
7733772595386602025
7714687591489335057
-4129072246564699601
151527524619201730
-4268956077962604406
8815854105978711339
5690173388702624847
-8204548788995851442
5013596824511308392
-7307788367993856825
-3619138306695407121
-865086503116253118
7250433865744826814
2456594871728860972
5097952183649682246
5137909099245518508
3544186897232137888
-5549316198750028844
3185580234896118753
-3917189798718374125
-3164451611385463375
-5744169395616460050
-1218030146159230690
7915628803139303919
8844520745912587949
-1281944846585782307
4436705673458184370
-5519638744814671316
5053949069586088673
4780631336739888055
2606123523887083300
-766581508936990804
-8245075134656549970
-2854935326104924218
2278916253366351439
5554745762518403522
256911203857819913
4076897859128977419
1139177209921733604
8407503965703664055
1245507164966649854
-4809362377666832970
-1851755736899551259
-6216248531248659128
823460846635757865
-3685324943566863953
-2478269296319597781
7859596247536636198
-5086930506628491461
-8184123923931607279
4030191575240162
2333286140433976181
445111616992220539
-679424196506309207
-4048543230897897976
-1229833221206569395
-7477652678124120510
-342471135822087045
-6079484656975571471
2515429678761779772
8965086684270991742
8420789729046379581
9092384512785220294
355816566538950850
414233488458699568
-5503926811420880421
-6903562035245034751
-6352248610104133932
-9058080926103627282
1736348781295606001
2858252278198078706
-8158039380180996262
7765556300566095201
1039875754646046292
5251522804406883645
-1137412576426611278
5227843676020743368
-6656224450050516342
-9220455512156854950
8387688083103035434
-8638213159376718476
-8296991219295656884
3798113059798651412
