-9220455512156854950
-9220455512156854950
-9058080926103627282
-9058080926103627282
-8638213159376718476
-8296991219295656884
-8245075134656549970
-8245075134656549970
-8204548788995851442
-8204548788995851442
-8184123923931607279
-8184123923931607279
-8158039380180996262
-7477652678124120510
-7477652678124120510
-7307788367993856825
-6903562035245034751
-6799900297379004884
-6799900297379004884
-6656224450050516342
-6352248610104133932
-6216248531248659128
-6079484656975571471
-5860481431145383593
-5744169395616460050
-5744169395616460050
-5549316198750028844
-5519638744814671316
-5503926811420880421
-5086930506628491461
-4809362377666832970
-4809362377666832970
-4352961114299536998
-4268956077962604406
-4129072246564699601
-4129072246564699601
-4048543230897897976
-3917189798718374125
-3711587356299627859
-3685324943566863953
-3619138306695407121
-3529570471730199986
-3164451611385463375
-2854935326104924218
-2848654749933488935
-2808934793697066700
-2646282123586581792
-2478269296319597781
-2348773829698691968
-2289126573702849666
-1851755736899551259
-1281944846585782307
-1229833221206569395
-1218030146159230690
-1137412576426611278
-942451723592445938
-865086503116253118
-766581508936990804
-679424196506309207
-342471135822087045
-283228534527552281
4030191575240162
151527524619201730
256911203857819913
355816566538950850
414233488458699568
445111616992220539
823460846635757865
1039875754646046292
1139177209921733604
1245507164966649854
1736348781295606001
1855824008598095909
2278916253366351439
2333286140433976181
2456594871728860972
2515429678761779772
2606123523887083300
2858252278198078706
3185580234896118753
3544186897232137888
3798113059798651412
4036453744799849569
4076897859128977419
4436705673458184370
4780631336739888055
5013596824511308392
5053949069586088673
5097952183649682246
5227843676020743368
5251522804406883645
5554745762518403522
5690173388702624847
6711227729895362603
7250433865744826814
7714687591489335057
7915628803139303919
7940352130605035729
8420789729046379581
8965086684270991742
